0 0.6819648 0.4836223 0.01788853 0.02620565
0 0.9139904 0.6967345 0.04071967 0.04035275
0 0.7078237 0.5695196 0.007695042 0.008991187
0 0.5719436 0.6360777 0.01635508 0.0249696
0 0.8269308 0.5822416 0.04058292 0.03145467
0 0.9068221 0.7443441 0.01723482 0.01487615
0 0.6873189 0.1367752 0.03594663 0.05459137
0 0.7083735 0.1937595 0.03157901 0.06291938
0 0.5947199 0.6746664 0.01619211 0.02698324
0 0.6775793 0.5970685 0.01068292 0.009771071
0 0.946698 0.5923456 0.03661156 0.02493528
0 0.6047779 0.5180753 0.01427173 0.01917044
