0 0.7954697 0.6908303 0.01807517 0.02911913
0 0.1950633 0.7866654 0.06076377 0.05042879
0 0.7545196 0.6517152 0.007774526 0.009432525
0 0.6770958 0.7741377 0.01127667 0.02532873
0 0.2592138 0.6275489 0.03373059 0.03177956
0 0.9402568 0.8338473 0.03389211 0.0313617
0 0.9495025 0.8409302 0.01583063 0.0145096
0 0.8587711 0.5576116 0.03326155 0.02877998
0 0.8724012 0.5965518 0.03234956 0.03879204
0 0.6989834 0.8100488 0.01128505 0.02693691
0 0.7349787 0.6900182 0.01010493 0.009941555
0 0.6985318 0.6642166 0.01030864 0.0205564
