0 0.7994153 0.7181246 0.01856506 0.03071927
0 0.1793605 0.8543485 0.0638731 0.05643305
0 0.7558945 0.6630868 0.007855317 0.009672387
0 0.6785227 0.7964731 0.01139674 0.02636606
0 0.2525263 0.6588691 0.0347271 0.0339419
0 0.9490471 0.8740696 0.0350238 0.03345773
0 0.9536146 0.8593735 0.01607223 0.01494851
0 0.8665763 0.5959467 0.034616 0.0316118
0 0.8805537 0.6358261 0.03376435 0.04222678
0 0.7007827 0.8334503 0.01145501 0.02805413
0 0.7364081 0.7036111 0.01021355 0.01019763
0 0.7001647 0.683677 0.01045023 0.02137985
